fixed acidity,volatile acidity,citric acid,residual sugar,chlorides,free sulfur dioxide,total sulfur dioxide,density,pH,sulphates,alcohol,quality
7.8,0.6,0.26,2.0,0.08,31.0,131.0,0.9962200000000001,3.21,0.52,9.9,5
8.2,0.32,0.42,2.3,0.098,3.0,9.0,0.9950600000000001,3.27,0.55,12.3,6
8.3,0.76,0.29,4.2,0.075,12.0,16.0,0.9965,3.45,0.68,11.5,6
7.1,0.59,0.01,2.3,0.08,27.0,43.0,0.9955,3.42,0.58,10.7,6
9.3,0.775,0.27,2.8,0.078,24.0,56.0,0.9984,3.31,0.67,10.6,6
10.4,0.44,0.73,6.55,0.07400000000000001,38.0,76.0,0.9990000000000001,3.17,0.85,12.0,7
6.3,0.98,0.01,2.0,0.057,15.0,33.0,0.9948799999999999,3.6,0.46,11.2,6
9.4,0.5,0.34,3.6,0.08199999999999999,5.0,14.0,0.9987,3.29,0.52,10.7,6
9.4,0.43,0.24,2.8,0.092,14.0,45.0,0.998,3.19,0.73,10.0,6
7.7,0.56,0.08,2.5,0.114,14.0,46.0,0.9971,3.24,0.66,9.6,6
7.4,0.64,0.07,1.8,0.1,8.0,23.0,0.9961,3.3,0.58,9.6,5
9.2,0.92,0.24,2.6,0.087,12.0,93.0,0.9998,3.48,0.54,9.8,5
6.3,0.68,0.01,3.7,0.10300000000000001,32.0,54.0,0.9958600000000001,3.51,0.66,11.3,6
10.4,0.44,0.73,6.55,0.07400000000000001,38.0,76.0,0.9990000000000001,3.17,0.85,12.0,7
6.2,0.36,0.24,2.2,0.095,19.0,42.0,0.9946,3.57,0.57,11.7,6
7.0,0.23,0.4,1.6,0.063,21.0,67.0,0.9952,3.5,0.63,11.1,5
8.7,0.46,0.31,2.5,0.126,24.0,64.0,0.99746,3.1,0.74,9.6,5
11.3,0.34,0.45,2.0,0.08199999999999999,6.0,15.0,0.9988,2.94,0.66,9.2,6
7.7,0.6,0.06,2.0,0.079,19.0,41.0,0.99697,3.39,0.62,10.1,6
7.3,0.48,0.32,2.1,0.062,31.0,54.0,0.9972799999999999,3.3,0.65,10.0,7
8.3,0.43,0.3,3.4,0.079,7.0,34.0,0.9978799999999999,3.36,0.61,10.5,5
6.9,0.54,0.3,2.2,0.08800000000000001,9.0,105.0,0.99725,3.25,1.18,10.5,6
8.0,0.18,0.37,0.9,0.049,36.0,109.0,0.9900700000000001,2.89,0.44,12.7,6
8.5,0.37,0.2,2.8,0.09,18.0,58.0,0.998,3.34,0.7,9.6,6
7.2,0.38,0.3,1.8,0.073,31.0,70.0,0.99685,3.42,0.59,9.5,6
8.2,0.56,0.23,3.4,0.078,14.0,104.0,0.9976,3.28,0.62,9.4,5
8.1,0.38,0.48,1.8,0.157,5.0,17.0,0.9976,3.3,1.05,9.4,5
12.0,0.63,0.5,1.4,0.071,6.0,26.0,0.9979100000000001,3.07,0.6,10.4,4
7.2,0.605,0.02,1.9,0.096,10.0,31.0,0.995,3.46,0.53,11.8,6
11.1,0.35,0.48,3.1,0.09,5.0,21.0,0.9986,3.17,0.53,10.5,5
8.3,0.78,0.1,2.6,0.081,45.0,87.0,0.9983,3.48,0.53,10.0,5
9.2,0.63,0.21,2.7,0.09699999999999999,29.0,65.0,0.9988,3.28,0.58,9.6,5
9.3,0.655,0.26,2.0,0.096,5.0,35.0,0.9973799999999999,3.25,0.42,9.6,5
8.4,0.65,0.6,2.1,0.11199999999999999,12.0,90.0,0.9973,3.2,0.52,9.2,5
7.9,0.4,0.29,1.8,0.157,1.0,44.0,0.9973,3.3,0.92,9.5,6
10.0,0.58,0.22,1.9,0.08,9.0,32.0,0.9974,3.13,0.55,9.5,5
7.1,0.48,0.28,2.8,0.068,6.0,16.0,0.99682,3.24,0.53,10.3,5
9.6,0.42,0.35,2.1,0.083,17.0,38.0,0.9962200000000001,3.23,0.66,11.1,6
7.7,0.54,0.26,1.9,0.08900000000000001,23.0,147.0,0.99636,3.26,0.59,9.7,5
8.8,0.24,0.54,2.5,0.083,25.0,57.0,0.9983,3.39,0.54,9.2,5
7.0,0.49,0.49,5.6,0.06,26.0,121.0,0.9974,3.34,0.76,10.5,5
7.4,0.61,0.01,2.0,0.07400000000000001,13.0,38.0,0.9974799999999999,3.48,0.65,9.8,5
8.4,0.62,0.12,1.8,0.07200000000000001,38.0,46.0,0.9950399999999999,3.38,0.89,11.8,6
6.9,0.63,0.02,1.9,0.078,18.0,30.0,0.9971200000000001,3.4,0.75,9.8,5
8.4,0.6,0.1,2.2,0.085,14.0,111.0,0.9964,3.15,0.66,9.8,5
7.7,0.18,0.34,2.7,0.066,15.0,58.0,0.9947,3.37,0.78,11.8,6
9.3,0.48,0.29,2.1,0.127,6.0,16.0,0.9968,3.22,0.72,11.2,5
8.4,0.31,0.29,3.1,0.19399999999999998,14.0,26.0,0.99536,3.22,0.78,12.0,6
7.6,0.78,0.0,1.7,0.076,33.0,45.0,0.9961200000000001,3.31,0.62,10.7,6
6.8,0.61,0.2,1.8,0.077,11.0,65.0,0.9971,3.54,0.58,9.3,5
6.8,0.59,0.1,1.7,0.063,34.0,53.0,0.9958,3.41,0.67,9.7,5
8.0,0.38,0.44,1.9,0.098,6.0,15.0,0.9956,3.3,0.64,11.4,6
6.8,0.64,0.0,2.7,0.12300000000000001,15.0,33.0,0.9953799999999999,3.44,0.63,11.3,6
9.1,0.29,0.33,2.05,0.063,13.0,27.0,0.99516,3.26,0.84,11.7,7
6.4,0.39,0.33,3.3,0.046,12.0,53.0,0.9929399999999999,3.36,0.62,12.2,6
9.8,0.39,0.43,1.65,0.068,5.0,11.0,0.9947799999999999,3.19,0.46,11.4,5
7.2,0.58,0.03,2.3,0.077,7.0,28.0,0.9956799999999999,3.35,0.52,10.0,5
11.2,0.67,0.55,2.3,0.084,6.0,13.0,1.0,3.17,0.71,9.5,6
7.8,0.52,0.25,1.9,0.081,14.0,38.0,0.9984,3.43,0.65,9.0,6
9.5,0.78,0.22,1.9,0.077,6.0,32.0,0.9988,3.26,0.56,10.6,6
5.0,1.04,0.24,1.6,0.05,32.0,96.0,0.9934,3.74,0.62,11.5,5
9.6,0.56,0.23,3.4,0.102,37.0,92.0,0.9996,3.3,0.65,10.1,5
7.1,0.34,0.28,2.0,0.08199999999999999,31.0,68.0,0.9969399999999999,3.45,0.48,9.4,5
9.0,0.62,0.04,1.9,0.146,27.0,90.0,0.9984,3.16,0.7,9.4,5
8.0,0.6,0.22,2.1,0.08,25.0,105.0,0.99613,3.3,0.49,9.9,5
7.6,0.51,0.15,2.8,0.11,33.0,73.0,0.9955,3.17,0.63,10.2,6
7.4,0.53,0.26,2.0,0.10099999999999999,16.0,72.0,0.9957,3.15,0.57,9.4,5
7.5,0.38,0.57,2.3,0.106,5.0,12.0,0.99605,3.36,0.55,11.4,6
6.8,0.67,0.0,1.9,0.08,22.0,39.0,0.9970100000000001,3.4,0.74,9.7,5
7.9,0.53,0.24,2.0,0.07200000000000001,15.0,105.0,0.996,3.27,0.54,9.4,6
11.1,0.44,0.42,2.2,0.064,14.0,19.0,0.9975799999999999,3.25,0.57,10.4,6
7.6,0.55,0.21,2.2,0.071,7.0,28.0,0.9964,3.28,0.55,9.7,5
7.1,0.6,0.0,1.8,0.07400000000000001,16.0,34.0,0.9972,3.47,0.7,9.9,6
9.3,0.41,0.39,2.2,0.064,12.0,31.0,0.9984,3.26,0.65,10.2,5
6.3,0.36,0.19,3.2,0.075,15.0,39.0,0.9956,3.56,0.52,12.7,6
9.4,0.24,0.33,2.3,0.061,52.0,73.0,0.9978600000000001,3.47,0.9,10.2,6
7.5,1.115,0.1,3.1,0.086,5.0,12.0,0.9958,3.54,0.6,11.2,4
8.2,0.24,0.34,5.1,0.062,8.0,22.0,0.9974,3.22,0.94,10.9,6
7.7,0.965,0.1,2.1,0.11199999999999999,11.0,22.0,0.9963,3.26,0.5,9.5,5
10.6,0.42,0.48,2.7,0.065,5.0,18.0,0.9972,3.21,0.87,11.3,6
8.5,0.4,0.4,6.3,0.05,3.0,10.0,0.99566,3.28,0.56,12.0,4
11.7,0.49,0.49,2.2,0.083,5.0,15.0,1.0,3.19,0.43,9.2,5
6.4,0.4,0.23,1.6,0.066,5.0,12.0,0.9958,3.34,0.56,9.2,5
7.6,0.49,0.33,1.9,0.07400000000000001,27.0,85.0,0.9970600000000001,3.41,0.58,9.0,5
9.9,0.72,0.55,1.7,0.136,24.0,52.0,0.9975200000000001,3.35,0.94,10.0,5
8.0,0.39,0.3,1.9,0.07400000000000001,32.0,84.0,0.9971700000000001,3.39,0.61,9.0,5
7.2,0.57,0.05,2.3,0.081,16.0,36.0,0.99564,3.38,0.6,10.3,6
10.5,0.43,0.35,3.3,0.092,24.0,70.0,0.99798,3.21,0.69,10.5,6
8.6,0.45,0.31,2.6,0.086,21.0,50.0,0.9982,3.37,0.91,9.9,6
9.0,0.4,0.43,2.4,0.068,29.0,46.0,0.9943,3.2,0.6,12.2,6
7.1,0.62,0.06,1.3,0.07,5.0,12.0,0.9942,3.17,0.48,9.8,5
8.0,0.83,0.27,2.0,0.08,11.0,63.0,0.9965200000000001,3.29,0.48,9.8,4
12.6,0.31,0.72,2.2,0.07200000000000001,6.0,29.0,0.9987,2.88,0.82,9.8,8
7.2,0.63,0.0,1.9,0.09699999999999999,14.0,38.0,0.99675,3.37,0.58,9.0,6
6.6,0.5,0.0,1.8,0.062,21.0,28.0,0.9935200000000001,3.44,0.55,12.3,6
7.7,0.58,0.1,1.8,0.102,28.0,109.0,0.99565,3.08,0.49,9.8,6
6.8,0.83,0.09,1.8,0.07400000000000001,4.0,25.0,0.99534,3.38,0.45,9.6,5
6.9,0.56,0.03,1.5,0.086,36.0,46.0,0.9952200000000001,3.53,0.57,10.6,5
11.9,0.39,0.69,2.8,0.095,17.0,35.0,0.9994,3.1,0.61,10.8,6
10.3,0.27,0.56,1.4,0.047,3.0,8.0,0.99471,3.16,0.51,11.8,6
7.7,0.67,0.23,2.1,0.08800000000000001,17.0,96.0,0.9962,3.32,0.48,9.5,5
7.1,0.43,0.42,5.5,0.071,28.0,128.0,0.9973,3.42,0.71,10.5,5
8.3,0.26,0.42,2.0,0.08,11.0,27.0,0.9974,3.21,0.8,9.4,6
6.6,0.64,0.31,6.1,0.083,7.0,49.0,0.99718,3.35,0.68,10.3,5
7.2,0.655,0.03,1.8,0.078,7.0,12.0,0.99587,3.34,0.39,9.5,5
6.8,0.775,0.0,3.0,0.102,8.0,23.0,0.9965,3.45,0.56,10.7,5
9.0,0.39,0.4,1.3,0.044000000000000004,25.0,50.0,0.9947799999999999,3.2,0.83,10.9,6
6.6,0.56,0.14,2.4,0.064,13.0,29.0,0.99397,3.42,0.62,11.7,7
6.7,0.32,0.44,2.4,0.061,24.0,34.0,0.99484,3.29,0.8,11.6,7
7.6,0.41,0.24,1.8,0.08,4.0,11.0,0.9962,3.28,0.59,9.5,5
7.3,0.69,0.32,2.2,0.069,35.0,104.0,0.9963200000000001,3.33,0.51,9.5,5
7.1,0.715,0.0,2.35,0.071,21.0,47.0,0.9963200000000001,3.29,0.45,9.4,5
7.0,0.43,0.3,2.0,0.085,6.0,39.0,0.99346,3.33,0.46,11.9,6
9.0,0.45,0.49,2.6,0.084,21.0,75.0,0.9987,3.35,0.57,9.7,5
7.5,0.58,0.56,3.1,0.153,5.0,14.0,0.9947600000000001,3.21,1.03,11.6,6
12.7,0.6,0.65,2.3,0.063,6.0,25.0,0.9997,3.03,0.57,9.9,5
6.4,0.67,0.08,2.1,0.045,19.0,48.0,0.9949,3.49,0.49,11.4,6
7.0,0.43,0.02,1.9,0.08,15.0,28.0,0.99492,3.35,0.81,10.6,6
8.5,0.49,0.11,2.3,0.084,9.0,67.0,0.9968,3.17,0.53,9.4,5
8.8,0.955,0.05,1.8,0.075,5.0,19.0,0.99616,3.3,0.44,9.6,4
9.4,0.4,0.47,2.5,0.087,6.0,20.0,0.99772,3.15,0.5,10.5,5
9.6,0.56,0.31,2.8,0.08900000000000001,15.0,46.0,0.9979,3.11,0.92,10.0,6
7.5,0.51,0.02,1.7,0.084,13.0,31.0,0.9953799999999999,3.36,0.54,10.5,6
6.5,0.615,0.0,1.9,0.065,9.0,18.0,0.9972,3.46,0.65,9.2,5
8.5,0.46,0.59,1.4,0.414,16.0,45.0,0.99702,3.03,1.34,9.2,5
7.8,0.55,0.0,1.7,0.07,7.0,17.0,0.99659,3.26,0.64,9.4,6
10.1,0.31,0.35,1.6,0.075,9.0,28.0,0.99672,3.24,0.83,11.2,7
10.0,0.46,0.44,2.9,0.065,4.0,8.0,0.99674,3.33,0.62,12.2,6
8.4,0.34,0.42,2.1,0.07200000000000001,23.0,36.0,0.99392,3.11,0.78,12.4,6
7.0,0.56,0.13,1.6,0.077,25.0,42.0,0.99629,3.34,0.59,9.2,5
8.7,0.625,0.16,2.0,0.10099999999999999,13.0,49.0,0.9962,3.14,0.57,11.0,5
7.0,0.6,0.12,2.2,0.083,13.0,28.0,0.9966,3.52,0.62,10.2,7
7.0,0.69,0.07,2.5,0.091,15.0,21.0,0.99572,3.38,0.6,11.3,6
9.9,0.49,0.58,3.5,0.094,9.0,43.0,1.0004,3.29,0.58,9.0,5
7.4,0.55,0.22,2.2,0.106,12.0,72.0,0.9959,3.05,0.63,9.2,5
6.1,0.32,0.25,2.3,0.071,23.0,58.0,0.9963299999999999,3.42,0.97,10.6,5
7.3,0.365,0.49,2.5,0.08800000000000001,39.0,106.0,0.9966,3.36,0.78,11.0,5
7.5,0.42,0.32,2.7,0.067,7.0,25.0,0.9962799999999999,3.24,0.44,10.4,5
7.5,0.59,0.22,1.8,0.08199999999999999,43.0,60.0,0.9949899999999999,3.1,0.42,9.2,5
7.7,0.49,0.26,1.9,0.062,9.0,31.0,0.9966,3.39,0.64,9.6,5
10.2,0.44,0.42,2.0,0.071,7.0,20.0,0.99566,3.14,0.79,11.1,7
9.1,0.765,0.04,1.6,0.078,4.0,14.0,0.998,3.29,0.54,9.7,4
8.2,0.64,0.27,2.0,0.095,5.0,77.0,0.9974700000000001,3.13,0.62,9.1,6
6.6,0.84,0.03,2.3,0.059000000000000004,32.0,48.0,0.9952,3.52,0.56,12.3,7
10.6,0.48,0.64,2.2,0.111,6.0,20.0,0.997,3.26,0.66,11.7,6
7.8,0.53,0.04,1.7,0.076,17.0,31.0,0.9964,3.33,0.56,10.0,6
6.9,0.605,0.12,10.7,0.073,40.0,83.0,0.9993,3.45,0.52,9.4,6
7.8,0.53,0.01,1.6,0.077,3.0,19.0,0.995,3.16,0.46,9.8,5
8.0,0.58,0.16,2.0,0.12,3.0,7.0,0.99454,3.22,0.58,11.2,6
9.2,0.52,1.0,3.4,0.61,32.0,69.0,0.9996,2.74,2.0,9.4,4
