sulphates,alcohol,quality,wine
0.65,10.6,7,red
0.91,9.7,5,red
0.59,9.5,5,red
0.97,10.1,6,red
0.52,9.4,5,red
0.56,10.1,6,red
0.76,11.6,7,red
0.66,11.2,5,red
0.6,10.9,6,red
0.59,9.5,5,red
0.62,10.4,6,red
0.49,9.4,5,red
0.65,9.55,6,red
0.47,10.0,4,red
0.62,9.5,6,red
0.46,10.0,5,red
0.67,10.4,5,red
0.46,9.8,5,red
0.79,14.0,6,red
0.53,10.8,6,red
1.95,9.9,6,red
0.57,9.7,5,red
0.63,10.8,7,red
0.6,10.2,5,red
0.64,11.0,7,red
0.77,10.5,7,red
0.82,12.6,8,red
0.65,11.0,6,red
0.83,10.5,5,red
1.17,10.2,5,red
0.74,11.6,6,red
0.47,9.4,5,red
0.48,10.5,4,red
0.65,11.0,6,red
0.56,12.4,6,red
0.57,11.8,6,red
0.9,11.3,7,red
0.56,10.6,6,red
0.54,10.5,5,red
0.61,10.4,5,red
0.44,9.6,5,red
0.53,10.3,5,red
0.51,10.4,6,red
0.76,11.4,6,red
0.46,10.0,5,red
0.78,10.6,5,red
0.44,12.7,6,red
0.6,9.5,5,red
0.71,12.1,6,red
0.85,13.0,7,red
0.57,9.7,5,red
0.46,9.6,4,red
0.6,9.7,6,red
0.61,10.2,5,red
0.59,9.7,6,red
1.06,9.1,6,red
0.76,11.9,7,red
0.51,9.4,5,red
0.72,11.8,6,red
0.39,10.9,5,red
0.42,9.2,5,red
0.69,11.2,6,red
0.57,11.3,6,red
0.69,11.2,6,red
0.49,10.8,6,red
0.52,9.56666666666667,6,red
0.63,11.0,5,red
0.53,9.6,5,red
0.9,13.4,7,red
0.58,9.5,6,red
0.49,9.9,5,red
0.77,9.4,5,red
0.51,10.8,5,red
0.8,9.4,6,red
0.84,9.2,7,red
0.66,9.8,5,red
0.58,11.0,4,red
0.65,10.0333333333333,6,red
0.9,10.0,6,red
0.59,12.1,7,red
0.59,9.1,5,red
0.52,10.0,4,red
0.67,11.2,5,red
0.82,14.0,8,red
0.7,9.4,5,red
0.63,10.0,6,red
0.53,9.8,5,red
0.4,12.8,6,red
0.57,9.7,5,red
0.58,10.5,6,red
0.62,10.0,5,red
0.64,9.4,6,red
0.87,10.9,6,red
0.67,9.7,5,red
0.6,9.5,5,red
0.47,10.5,5,red
0.63,9.4,6,red
0.6,10.0,6,red
0.5,9.3,5,red
0.77,11.4,6,red
0.78,11.3,7,red
0.56,9.2,5,red
0.89,11.8,6,red
0.55,9.5,6,red
0.6,11.2,4,red
0.68,10.5,7,red
0.52,9.3,5,red
0.54,10.5,6,red
0.64,9.3,5,red
0.7,9.6,6,red
0.62,11.7,7,red
0.51,9.5,5,red
0.72,13.1,8,red
0.5,10.0,6,red
0.53,9.3,5,red
0.92,11.7,8,red
0.62,10.8,6,red
0.65,12.5,6,red
0.58,10.2,6,red
0.67,11.2,7,red
0.56,11.7,6,red
0.85,12.0,7,red
0.71,9.5,6,red
0.77,9.5,5,red
0.81,9.5,6,red
0.45,11.0,5,red
0.58,9.5,6,red
0.77,9.0,6,red
0.58,10.5,6,red
0.66,9.2,6,red
1.18,9.2,6,red
0.7,9.2,6,red
0.78,11.8,6,red
0.94,12.9,7,red
0.6,11.3,5,red
0.46,9.2,5,red
0.73,9.2,5,red
0.47,9.0,6,red
0.56,10.0,5,red
0.58,9.8,6,red
0.76,10.4,6,red
0.93,10.7,6,red
0.61,9.5,5,red
1.04,10.6,6,red
0.69,9.5,6,red
0.94,10.9,6,red
0.67,10.0,5,red
0.52,11.5,5,red
0.56,11.3,5,red
0.53,9.7,6,red
0.47,11.2,5,white
0.56,10.0,6,white
0.6,12.0,7,white
0.44,9.5,7,white
0.36,11.5,6,white
0.6,10.6,5,white
0.41,11.0,6,white
0.3,9.2,6,white
0.34,10.9,5,white
0.62,11.1,6,white
0.51,10.6,7,white
0.54,9.1,5,white
0.48,9.7,6,white
0.47,13.2,6,white
0.41,11.8,6,white
0.46,9.8,7,white
0.95,13.1333333333333,6,white
0.36,11.2,5,white
0.43,9.2,5,white
0.42,11.4,5,white
0.49,8.6,5,white
0.45,10.9,7,white
0.56,11.0,6,white
0.65,12.9,8,white
0.32,11.4,4,white
0.41,9.7,7,white
0.64,11.8,6,white
0.72,11.3,7,white
0.52,11.1,5,white
0.38,12.4,5,white
0.51,9.5,6,white
0.41,9.0,5,white
0.38,11.3,6,white
0.72,9.2,5,white
0.59,10.4,7,white
0.42,9.2,5,white
0.39,11.0,6,white
0.47,9.5,6,white
0.47,9.4,5,white
0.53,9.1,6,white
0.46,10.4,6,white
0.65,12.8,7,white
0.6,9.0,6,white
0.39,9.2,5,white
0.48,9.3,6,white
0.28,12.1,7,white
0.68,9.2,6,white
0.52,9.0,6,white
0.5,9.5,5,white
0.44,8.8,5,white
0.36,11.5,5,white
0.4,12.1,7,white
0.46,9.2,6,white
0.3,11.2,7,white
0.45,11.5,7,white
0.38,12.2,6,white
0.46,9.2,6,white
0.38,11.0,6,white
0.58,10.0,6,white
0.54,9.4,4,white
0.54,9.3,6,white
0.57,10.9,7,white
0.45,10.0,6,white
0.59,13.2,6,white
0.4,10.7,6,white
0.75,11.4,7,white
0.48,11.0,5,white
0.88,10.5,6,white
0.58,10.1,6,white
0.56,10.8,4,white
0.45,10.4,6,white
0.5,9.2,5,white
0.54,9.0,6,white
0.72,14.05,7,white
0.59,10.966666666666699,7,white
0.3,9.2,5,white
0.43,11.5,7,white
0.48,8.8,6,white
0.56,10.5,7,white
0.5,8.8,6,white
0.41,13.5,7,white
0.68,10.1,5,white
0.4,13.6,7,white
0.6,12.0,7,white
0.33,11.0,6,white
0.4,10.1,6,white
0.44,8.7,5,white
0.53,12.0,6,white
0.38,12.8,7,white
0.54,10.4,6,white
0.4,9.5,5,white
0.56,12.3,6,white
0.64,12.2,6,white
0.65,10.9,7,white
0.44,11.8,7,white
0.33,10.6,6,white
0.44,11.2,6,white
0.36,12.3,7,white
0.65,10.0,6,white
0.43,13.1,6,white
0.43,9.4,5,white
0.38,9.3,5,white
0.45,11.6,7,white
0.37,10.7,6,white
0.41,8.9,6,white
0.37,13.1,7,white
0.49,11.7,6,white
0.55,9.3,5,white
0.49,9.4,5,white
0.38,9.4,4,white
0.62,9.9,5,white
0.44,9.4,6,white
0.42,10.1,6,white
0.32,12.9,8,white
0.54,11.3,7,white
0.38,9.5,5,white
0.56,9.4,5,white
0.49,9.1,6,white
0.5,9.53333333333333,6,white
0.37,12.1,6,white
0.54,12.3,7,white
0.38,9.0,5,white
0.47,11.5,6,white
0.45,11.2,7,white
0.49,8.7,5,white
0.38,12.5,7,white
0.5,9.5,6,white
0.53,10.0,6,white
0.47,12.5,6,white
0.76,10.0,6,white
0.42,12.5,8,white
0.41,10.5,5,white
0.4,10.8,6,white
0.42,8.8,5,white
0.46,12.2,6,white
0.56,10.5,6,white
0.57,9.4,5,white
0.35,12.6,6,white
0.45,10.0,5,white
0.27,13.0,7,white
0.5,10.0,6,white
0.5,9.4,7,white
0.42,9.6,5,white
0.39,9.2,5,white
0.5,11.2,6,white
0.42,10.6,6,white
0.45,9.5,5,white
0.47,10.7,6,white
0.44,12.5,7,white
0.37,12.6,7,white
